BLE Online
ADC Online
LMP Online
0.9007
0.9012
0.9017
0.9024
0.9027
0.9032
0.9036
0.9039
0.9045
0.9049
0.9055
0.9060
0.9064
0.9069
0.9074
0.9078
0.9082
0.9088
0.9092
0.9098
0.9102
0.9107
0.9112
0.9116
0.9121
0.9125
0.9131
0.9136
0.9141
0.9145
0.9149
0.9154
0.9158
0.9163
0.9169
0.9174
0.9179
0.9183
0.9188
0.9192
0.9198
0.9202
0.9208
0.9211
0.9216
0.9220
0.9225
0.9231
0.9234
0.9239
0.9244
0.9249
0.9254
0.9260
0.9264
0.9269
0.9274
0.9277
0.9283
0.9287
0.9292
0.9297
0.9302
0.9306
0.9311
0.9316
0.9320
0.9326
0.9330
0.9335
0.9339
0.9344
0.9349
0.9353
0.9357
0.9364
0.9367
0.9372
0.9378
0.9382
0.9387
0.9393
0.9397
0.9401
0.9406
0.9410
0.9415
0.9420
0.9424
0.9430
0.9434
0.9439
0.9444
0.9448
0.9453
0.9459
0.9463
0.9467
0.9473
0.9477
0.9481
0.9486
0.9490
0.9496
0.9501
0.9505
0.9510
0.9515
0.9519
0.9524
0.9529
0.9535
0.9539
0.9543
0.9548
0.9553
0.9557
0.9562
0.9567
0.9572
0.9577
0.9582
0.9587
0.9592
0.9596
0.9601
0.9606
0.9610
0.9617
0.9620
0.9624
0.9628
0.9633
0.9638
0.9643
0.9648
0.9653
0.9658
0.9663
0.9668
0.9673
0.9676
0.9681
0.9685
0.9690
0.9695
0.9700
0.9706
0.9710
0.9713
0.9719
0.9724
0.9728
0.9734
0.9738
0.9743
0.9747
0.9751
0.9757
0.9762
0.9766
0.9771
0.9776
0.9781
0.9786
0.9791
0.9794
0.9800
0.9804
0.9808
0.9814
0.9819
0.9823
0.9828
0.9833
0.9838
0.9843
0.9848
0.9852
0.9855
0.9861
0.9866
0.9870
0.9877
0.9881
0.9885
0.9890
0.9894
0.9900
0.9905
0.9909
0.9915
0.9919
0.9923
0.9928
0.9932
0.9937
0.9942
0.9948
0.9952
0.9956
0.9961
0.9966
0.9971
0.9978
0.9982
0.9986
0.9990
0.9994
0.9999
1.0004
1.0009
1.0013
1.0018
1.0024
1.0028
1.0033
1.0038
1.0042
1.0046
1.0051
1.0057
1.0060
1.0066
1.0070
1.0077
1.0080
1.0085
1.0089
1.0094
1.0099
1.0104
1.0109
1.0114
1.0118
1.0124
1.0127
1.0132
1.0137
1.0142
1.0146
1.0151
1.0155
1.0161
1.0165
1.0170
1.0176
1.0179
1.0185
1.0189
1.0195
1.0199
1.0203
1.0208
1.0213
1.0217
1.0222
1.0227
1.0232
1.0237
1.0242
1.0246
1.0251
1.0256
1.0261
1.0265
1.0270
1.0275
1.0279
1.0284
1.0289
1.0294
1.0298
1.0303
1.0308
1.0313
1.0318
1.0323
1.0326
1.0332
1.0336
1.0340
1.0345
1.0351
1.0356
1.0360
1.0365
1.0369
1.0374
1.0379
1.0384
1.0388
1.0393
1.0397
1.0403
1.0407
1.0412
1.0417
1.0422
1.0427
1.0432
1.0436
1.0441
1.0446
1.0451
1.0454
1.0459
1.0465
1.0470
1.0474
1.0479
1.0484
1.0489
1.0494
1.0498
1.0502
1.0509
1.0512
1.0516
1.0521
1.0524
1.0530
1.0536
1.0541
1.0545
1.0550
1.0555
1.0559
1.0564
1.0570
1.0574
1.0578
1.0583
1.0588
1.0593
1.0598
1.0602
1.0607
1.0612
1.0616
1.0621
1.0627
1.0631
1.0635
1.0640
1.0645
1.0650
1.0655
1.0659
1.0664
1.0669
1.0674
1.0679
1.0683
1.0689
1.0691
1.0697
1.0702
1.0706
1.0712
1.0717
1.0721
1.0726
1.0730
1.0735
1.0740
1.0745
1.0750
1.0755
1.0759
1.0764
1.0768
1.0773
1.0778
1.0783
1.0788
1.0793
1.0797
1.0801
1.0807
1.0810
1.0817
1.0821
1.0826
1.0829
1.0837
1.0839
1.0844
1.0849
1.0852
1.0859
1.0864
1.0868
1.0873
1.0878
1.0884
1.0887
1.0894
1.0897
1.0901
1.0906
1.0910
1.0915
1.0921
1.0926
1.0930
1.0935
1.0940
1.0945
1.0950
1.0955
1.0959
1.0964
1.0968
1.0973
1.0978
1.0982
1.0987
1.0993
1.0997
1.1002
1.1007
1.1012
1.1016
1.1020
1.1025
1.1030
1.1034
1.1040
1.1045
1.1049
1.1054
1.1059
1.1063
1.1068
1.1073
1.1079
1.1081
1.1087
1.1092
1.1095
1.1102
1.1106
1.1111
1.1116
1.1120
1.1125
1.1130
1.1136
1.1139
1.1143
1.1149
1.1153
1.1159
1.1164
1.1168
1.1173
1.1178
1.1182
1.1187
1.1193
1.1198
1.1201
1.1206
1.1211
1.1215
1.1220
1.1225
1.1230
1.1234
1.1239
1.1245
1.1249
1.1255
1.1259
1.1262
1.1268
1.1273
1.1278
1.1283
1.1287
1.1291
1.1297
1.1302
1.1306
1.1310
1.1316
1.1320
1.1324
1.1330
1.1337
1.1339
1.1344
1.1349
1.1352
1.1360
1.1362
1.1368
1.1372
1.1377
1.1382
1.1387
1.1391
1.1396
1.1402
1.1407
1.1409
1.1416
1.1419
1.1424
1.1429
1.1434
1.1440
1.1444
1.1449
1.1454
1.1459
1.1464
1.1468
1.1473
1.1477
1.1482
1.1487
1.1492
1.1496
1.1501
1.1506
1.1511
1.1517
1.1520
1.1525
1.1530
1.1535
1.1538
1.1545
1.1548
1.1554
1.1559
1.1563
1.1569
1.1573
1.1577
1.1581
1.1586
1.1592
1.1596
1.1602
1.1606
1.1611
1.1617
1.1621
1.1625
1.1630
1.1634
1.1639
1.1644
1.1649
1.1653
1.1658
1.1664
1.1668
1.1673
1.1678
1.1682
1.1687
1.1692
1.1696
1.1702
1.1707
1.1711
1.1716
1.1721
1.1726
1.1730
1.1734
1.1739
1.1744
1.1749
1.1754
1.1759
1.1763
1.1768
1.1774
1.1779
1.1783
1.1786
1.1792
1.1796
1.1803
1.1806
1.1812
1.1815
1.1821
1.1826
1.1829
1.1835
1.1839
1.1844
1.1849
1.1855
1.1859
1.1864
1.1869
1.1873
1.1877
1.1883
1.1887
1.1892
1.1897
1.1901
1.1906
1.1911
1.1916
1.1920
1.1924
1.1930
1.1935
1.1940
1.1945
1.1949
1.1954
1.1959
1.1964
1.1968
1.1973
1.1978
1.1982
1.1987
1.1992
1.1997
1.2001
1.2007
1.2012
1.2016
1.2021
1.2025
1.2030
1.2035
1.2040
1.2044
1.2050
1.2054
1.2059
1.2064
1.2069
1.2073
1.2078
1.2082
1.2088
1.2092
1.2097
1.2102
1.2107
1.2111
1.2115
1.2121
1.2125
1.2131
1.2135
1.2140
1.2145
1.2149
1.2155
1.2158
1.2164
1.2168
1.2173
1.2179
1.2184
1.2187
1.2192
1.2197
1.2200
1.2207
1.2211
1.2216
1.2222
1.2226
1.2231
1.2237
1.2240
1.2245
1.2249
1.2254
1.2259
1.2265
1.2268
1.2273
1.2278
1.2283
1.2288
1.2293
1.2299
1.2303
1.2307
1.2311
1.2316
1.2320
1.2325
1.2331
1.2335
1.2341
1.2346
1.2350
1.2354
1.2359
1.2365
1.2370
1.2374
1.2379
1.2383
1.2388
1.2392
1.2398
1.2402
1.2407
1.2412
1.2417
1.2422
1.2426
1.2431
1.2436
1.2440
1.2443
1.2451
1.2454
1.2459
1.2466
1.2469
1.2474
1.2478
1.2484
1.2489
1.2494
1.2498
1.2501
1.2507
1.2512
1.2518
1.2521
1.2527
1.2531
1.2536
1.2541
1.2545
1.2551
1.2556
1.2560
1.2566
1.2570
1.2574
1.2578
1.2584
1.2589
1.2593
1.2598
1.2603
1.2607
1.2612
1.2618
1.2621
1.2627
1.2633
1.2636
1.2641
1.2646
1.2650
1.2655
1.2660
1.2665
1.2670
1.2675
1.2680
1.2684
1.2689
1.2692
1.2699
1.2703
1.2708
1.2712
1.2717
1.2722
1.2727
1.2732
1.2737
1.2742
1.2747
1.2751
1.2755
1.2759
1.2767
1.2769
1.2775
1.2780
1.2785
1.2790
1.2794
1.2799
1.2803
1.2811
1.2813
1.2818
1.2823
1.2827
1.2831
1.2837
1.2842
1.2847
1.2852
1.2858
1.2862
1.2867
1.2871
1.2875
1.2879
1.2885
1.2890
1.2895
1.2899
1.2904
1.2909
1.2914
1.2919
1.2923
1.2928
1.2932
1.2938
1.2942
1.2946
1.2952
1.2956
1.2961
1.2966
1.2971
1.2976
1.2982
1.2986
1.2990
1.2995
1.2999
1.3004
1.3010
1.3015
1.3020
1.3024
1.3029
1.3033
1.3037
1.3043
1.3049
1.3052
1.3058
1.3062
1.3067
1.3071
1.3077
1.3081
1.3087
1.3090
1.3095
1.3102
1.3105
1.3110
1.3115
1.3119
1.3125
1.3129
1.3134
1.3138
1.3143
1.3148
1.3153
1.3158
1.3163
1.3166
1.3172
1.3177
1.3181
1.3186
1.3192
1.3196
1.3201
1.3207
1.3211
1.3213
1.3220
1.3225
1.3229
1.3234
1.3239
1.3244
1.3249
1.3253
1.3258
1.3264
1.3268
1.3272
1.3277
1.3282
1.3286
1.3291
1.3297
1.3302
1.3306
1.3311
1.3315
1.3320
1.3326
1.3332
1.3335
1.3339
1.3343
1.3349
1.3355
1.3358
1.3365
1.3369
1.3373
1.3378
1.3383
1.3388
1.3393
1.3397
1.3403
1.3407
1.3410
1.3416
1.3421
1.3426
1.3431
1.3436
1.3441
1.3446
1.3450
1.3454
1.3460
1.3465
1.3468
1.3474
1.3478
1.3484
1.3488
1.3493
1.3498
1.3503
1.3508
1.3513
1.3517
1.3522
1.3527
1.3531
1.3536
1.3541
1.3546
1.3550
1.3556
1.3560
1.3566
1.3570
1.3575
1.3580
1.3584
1.3589
1.3594
1.3598
1.3604
1.3608
1.3613
1.3618
1.3622
1.3627
1.3632
1.3637
1.3642
1.3646
1.3652
1.3656
1.3660
1.3665
1.3670
1.3674
1.3680
1.3685
1.3689
1.3694
1.3699
1.3704
1.3709
1.3714
1.3718
1.3723
1.3727
1.3732
1.3737
1.3741
1.3747
1.3752
1.3756
1.3762
1.3767
1.3771
1.3777
1.3781
1.3786
1.3790
1.3795
1.3800
1.3805
1.3810
1.3814
1.3819
1.3824
1.3830
1.3834
1.3837
1.3843
1.3848
1.3852
1.3858
1.3862
1.3867
1.3873
1.3877
1.3881
1.3887
1.3891
1.3896
1.3899
1.3905
1.3911
1.3915
1.3920
1.3925
1.3929
1.3934
1.3940
1.3945
1.3949
1.3954
1.3958
1.3962
1.3968
1.3973
1.3978
1.3982
1.3987
1.3992
1.3996
1.4003
1.4006
1.4011
1.4015
1.4020
1.4024
1.4029
1.4035
1.4040
1.4045
1.4050
1.4054
1.4059
1.4064
1.4069
1.4074
1.4078
1.4083
1.4087
1.4092
1.4098
1.4102
1.4107
1.4112
1.4117
1.4121
1.4126
1.4131
1.4136
1.4140
1.4145
1.4150
1.4155
1.4159
1.4165
1.4171
1.4175
1.4179
1.4184
1.4188
1.4193
1.4198
1.4202
1.4208
1.4212
1.4217
1.4222
1.4227
1.4232
1.4237
1.4243
1.4246
1.4251
1.4255
1.4259
1.4265
1.4271
1.4275
1.4279
1.4285
1.4290
1.4294
1.4299
1.4304
1.4308
1.4313
1.4317
1.4322
1.4328
1.4333
1.4337
1.4342
1.4346
1.4352
1.4357
1.4362
1.4367
1.4371
1.4376
1.4380
1.4384
1.4390
1.4394
1.4401
1.4405
1.4409
1.4414
1.4420
1.4424
1.4428
1.4434
1.4437
1.4442
1.4448
1.4452
1.4457
1.4462
1.4467
1.4472
1.4475
1.4480
1.4485
1.4490
1.4495
1.4500
1.4504
1.4510
1.4515
1.4519
1.4525
1.4529
1.4534
1.4540
1.4543
1.4548
1.4552
1.4557
1.4562
1.4568
1.4572
1.4577
1.4582
1.4586
1.4592
1.4596
1.4599
1.4606
1.4610
1.4615
1.4619
1.4625
1.4629
1.4635
1.4640
1.4645
1.4649
1.4652
1.4659
1.4662
1.4668
1.4673
1.4678
1.4682
1.4688
1.4692
1.4699
1.4701
1.4707
1.4709
1.4716
1.4720
1.4725
1.4730
1.4735
1.4740
1.4744
1.4749
1.4754
1.4759
1.4763
1.4769
1.4772
1.4778
1.4782
1.4787
1.4793
1.4795
1.4801
1.4807
1.4812
1.4817
1.4822
1.4825
1.4831
1.4835
1.4840
1.4845
1.4850
1.4854
1.4861
1.4864
1.4869
1.4875
1.4879
1.4883
1.4889
1.4892
1.4897
1.4903
1.4908
1.4912
1.4917
1.4922
1.4927
1.4932
1.4935
1.4941
1.4945
1.4949
1.4955
1.4960
1.4965
1.4970
1.4975
1.4980
1.4984
1.4989
1.4994
1.4998
1.5002
1.5007
1.5011
1.5018
1.5022
1.5027
1.5033
1.5036
1.5041
1.5047
1.5052
1.5055
1.5060
1.5064
1.5070
1.5075
1.5079
1.5085
1.5089
1.5094
1.5100
1.5102
1.5108
1.5113
1.5117
1.5123
1.5127
1.5133
1.5138
1.5142
1.5147
1.5152
1.5157
1.5161
1.5166
1.5170
1.5175
1.5180
1.5185
1.5190
1.5194
1.5200
1.5204
1.5209
1.5214
1.5219
1.5223
1.5227
1.5233
1.5237
1.5242
1.5247
1.5252
1.5257
1.5262
1.5266
1.5272
1.5278
1.5280
1.5285
1.5290
1.5295
1.5300
1.5305
1.5309
1.5314
1.5319
1.5324
1.5329
1.5333
1.5339
1.5343
1.5347
1.5352
1.5357
1.5362
1.5367
1.5371
1.5377
1.5381
1.5386
1.5391
1.5397
1.5400
1.5405
1.5410
1.5414
1.5419
1.5424
1.5429
1.5434
1.5439
1.5443
1.5448
1.5453
1.5458
1.5463
1.5467
1.5472
1.5478
1.5482
1.5487
1.5490
1.5497
1.5501
1.5506
1.5511
1.5515
1.5519
1.5526
1.5529
1.5534
1.5539
1.5543
1.5548
1.5554
1.5558
1.5565
1.5568
1.5573
1.5578
1.5583
1.5587
1.5592
1.5598
1.5603
1.5606
1.5611
1.5615
1.5621
1.5624
1.5630
1.5635
1.5639
1.5645
1.5649
1.5654
1.5659
1.5666
1.5670
1.5674
1.5678
1.5682
1.5687
1.5692
1.5697
1.5702
1.5706
1.5712
1.5717
1.5721
1.5726
1.5731
1.5736
1.5741
1.5745
1.5750
1.5754
1.5760
1.5764
1.5769
1.5773
1.5779
1.5783
1.5788
1.5793
1.5798
1.5803
1.5807
1.5812
1.5816
1.5820
1.5827
1.5832
1.5835
1.5841
1.5846
1.5850
1.5855
1.5861
1.5866
1.5871
1.5875
1.5879
1.5883
1.5889
1.5894
1.5899
1.5903
1.5908
1.5914
1.5918
1.5922
1.5927
1.5933
1.5936
1.5941
1.5946
1.5950
1.5956
1.5961
1.5966
1.5970
1.5975
1.5980
1.5985
1.5991
1.5995
1.5999
1.6004
1.6009
1.6013
1.6017
1.6023
1.6029
1.6033
1.6038
1.6043
1.6048
1.6052
1.6056
1.6061
1.6066
1.6071
1.6076
1.6081
1.6086
1.6090
1.6095
1.6100
1.6104
1.6110
1.6116
1.6118
1.6124
1.6129
1.6133
1.6139
1.6142
1.6147
1.6153
1.6158
1.6163
1.6167
1.6172
1.6177
1.6182
1.6187
1.6190
1.6196
1.6200
1.6205
1.6210
1.6214
1.6220
1.6225
1.6229
1.6235
1.6240
1.6245
1.6250
1.6254
1.6260
1.6263
1.6267
1.6273
1.6277
1.6282
1.6289
1.6292
1.6298
1.6301
1.6307
1.6311
1.6317
1.6322
1.6326
1.6331
1.6335
1.6340
1.6345
1.6350
1.6356
1.6359
1.6365
1.6370
1.6375
1.6378
1.6384
1.6389
1.6393
1.6398
1.6403
1.6408
1.6413
1.6418
1.6423
1.6427
1.6430
1.6436
1.6441
1.6446
1.6451
1.6456
1.6461
1.6465
1.6471
1.6475
1.6480
1.6485
1.6492
1.6495
1.6500
1.6504
1.6509
1.6514
1.6518
1.6524
1.6529
1.6533
1.6538
1.6543
1.6548
1.6553
1.6557
1.6561
1.6567
1.6571
1.6576
1.6581
1.6585
1.6591
1.6596
1.6601
1.6606
1.6612
1.6616
1.6621
1.6625
1.6630
1.6635
1.6639
1.6644
1.6649
1.6653
1.6658
1.6663
1.6668
1.6673
1.6678
1.6683
1.6689
1.6693
1.6697
1.6702
1.6707
1.6712
1.6717
1.6721
1.6726
1.6732
1.6736
1.6741
1.6746
1.6751
1.6757
1.6761
1.6765
1.6771
1.6774
1.6781
1.6784
1.6790
1.6794
1.6799
1.6803
1.6809
1.6814
1.6818
1.6824
1.6829
1.6833
1.6837
1.6842
1.6848
1.6853
1.6857
1.6862
1.6866
1.6871
1.6876
1.6881
1.6887
1.6892
1.6896
1.6902
1.6907
1.6911
1.6914
1.6920
1.6926
1.6931
1.6934
1.6939
1.6945
1.6949
1.6954
1.6960
1.6964
1.6969
1.6975
1.6979
1.6984
1.6988
1.6993
1.6998
1.7003
1.7007
1.7014
1.7017
1.7023
1.7027
1.7034
1.7037
1.7042
1.7045
1.7052
1.7056
1.7061
1.7066
1.7069
1.7076
1.7081
1.7086
1.7091
1.7095
1.7100
1.7106
1.7111
1.7113
1.7120
1.7124
1.7130
1.7134
1.7139
1.7144
1.7150
1.7154
1.7159
1.7164
1.7168
1.7172
1.7179
1.7183
1.7188
1.7193
1.7197
1.7203
1.7207
1.7212
1.7217
1.7222
1.7227
1.7233
1.7237
1.7243
1.7247
1.7250
1.7257
1.7262
1.7266
1.7271
1.7276
1.7281
1.7286
1.7290
1.7296
1.7301
1.7306
1.7311
1.7316
1.7320
1.7325
1.7329
1.7335
1.7339
1.7345
1.7350
1.7354
1.7360
1.7364
1.7369
1.7374
1.7379
1.7384
1.7388
1.7394
1.7398
1.7403
1.7408
1.7413
1.7418
1.7423
1.7427
1.7433
1.7438
1.7442
1.7448
1.7452
1.7457
1.7462
1.7468
1.7473
1.7478
1.7482
1.7488
1.7492
1.7497
1.7502
1.7507
1.7512
1.7518
1.7521
